--- multipoles on reference trajectory (rz > 0) ---
effective_length:                   608.4569060020108 mm
perpendicular_grid:                 65 points in [-12.000000,+12.000000] mm
max_fitting_error_normal            0.018/432.006 G/G
max_fitting_error_skew              0.433/0.433 G/G
r0_for_relative_multipoles          17.5 mm
main_monomial                       n = 0, skew:False
                                       Nn(s=0)      Integ_Nn     Nn/N0(@r0)   |    Sn(s=0)      Integ_Sn     Sn/S0(@r0)  
<multipole_order n>                    [T/m^n]      [T.m/m^n]        []       |    [T/m^n]      [T.m/m^n]        []      
n=00:                                4.3025e-02    -2.6179e-02   +1.0000e+00  |      ---           ---           ---     
n=01:                                9.1376e-02    +4.9871e-02   -3.3338e-02  |      ---           ---           ---     
n=02:                                7.7604e-01    +5.4998e-01   -6.4340e-03  |      ---           ---           ---     
n=03:                                4.7991e+00    -6.3935e-01   +1.3089e-04  |      ---           ---           ---     
n=04:                                6.8229e+02    +2.5275e+01   -9.0551e-05  |      ---           ---           ---     
n=05:                                4.3369e+04    +5.3963e+03   -3.3833e-04  |      ---           ---           ---     
n=06:                                2.5305e+06    +1.8318e+05   -2.0098e-04  |      ---           ---           ---     
