--- multipoles on reference trajectory (rz > 0) ---
effective_length:                   608.1275743093737 mm
perpendicular_grid:                 65 points in [-12.000000,+12.000000] mm
max_fitting_error_normal            0.184/5268.685 G/G
max_fitting_error_skew              7.485/7.485 G/G
r0_for_relative_multipoles          17.5 mm
main_monomial                       n = 0, skew:False
                                       Nn(s=0)      Integ_Nn     Nn/N0(@r0)   |    Sn(s=0)      Integ_Sn     Sn/S0(@r0)  
<multipole_order n>                    [T/m^n]      [T.m/m^n]        []       |    [T/m^n]      [T.m/m^n]        []      
n=00:                                5.2844e-01    -3.2136e-01   +1.0000e+00  |      ---           ---           ---     
n=01:                                1.1215e+00    +6.1548e-01   -3.3517e-02  |      ---           ---           ---     
n=02:                                1.0090e+01    +6.9374e+00   -6.6113e-03  |      ---           ---           ---     
n=03:                                3.3342e+01    -1.1706e+01   +1.9523e-04  |      ---           ---           ---     
n=04:                                9.5249e+02    -3.5393e+01   +1.0330e-05  |      ---           ---           ---     
n=05:                                7.6196e+04    +3.2243e+04   -1.6468e-04  |      ---           ---           ---     
n=06:                                1.1880e+07    +2.3753e+06   -2.1230e-04  |      ---           ---           ---     
