--- multipoles on reference trajectory (rz > 0) ---
effective_length:                   608.2271289787656 mm
perpendicular_grid:                 65 points in [-12.000000,+12.000000] mm
max_fitting_error_normal            0.116/3281.152 G/G
max_fitting_error_skew              5.144/5.144 G/G
r0_for_relative_multipoles          17.5 mm
main_monomial                       n = 0, skew:False
                                       Nn(s=0)      Integ_Nn     Nn/N0(@r0)   |    Sn(s=0)      Integ_Sn     Sn/S0(@r0)  
<multipole_order n>                    [T/m^n]      [T.m/m^n]        []       |    [T/m^n]      [T.m/m^n]        []      
n=00:                                3.4938e-01    -2.1251e-01   +1.0000e+00  |      ---           ---           ---     
n=01:                                7.3978e-01    +4.0558e-01   -3.3400e-02  |      ---           ---           ---     
n=02:                                6.6021e+00    +4.5224e+00   -6.5174e-03  |      ---           ---           ---     
n=03:                                2.0715e+01    +2.1522e+00   -5.4278e-05  |      ---           ---           ---     
n=04:                                2.5446e+02    -3.4435e+02   +1.5198e-04  |      ---           ---           ---     
n=05:                                1.7748e+04    -5.7980e+03   +4.4781e-05  |      ---           ---           ---     
n=06:                                4.4059e+06    +3.8528e+06   -5.2076e-04  |      ---           ---           ---     
