--- multipoles on reference trajectory (rz > 0) ---
effective_length:                   607.6287763741417 mm
perpendicular_grid:                 65 points in [-12.000000,+12.000000] mm
max_fitting_error_normal            0.273/6012.744 G/G
max_fitting_error_skew              11.441/11.441 G/G
r0_for_relative_multipoles          17.5 mm
main_monomial                       n = 0, skew:False
                                       Nn(s=0)      Integ_Nn     Nn/N0(@r0)   |    Sn(s=0)      Integ_Sn     Sn/S0(@r0)  
<multipole_order n>                    [T/m^n]      [T.m/m^n]        []       |    [T/m^n]      [T.m/m^n]        []      
n=00:                                8.4503e-01    -5.1346e-01   +1.0000e+00  |      ---           ---           ---     
n=01:                                1.8045e+00    +9.8714e-01   -3.3644e-02  |      ---           ---           ---     
n=02:                                1.6563e+01    +1.1679e+01   -6.9661e-03  |      ---           ---           ---     
n=03:                                3.6780e+01    -2.1334e+01   +2.2267e-04  |      ---           ---           ---     
n=04:                                3.5165e+03    -2.2348e+03   +4.0820e-04  |      ---           ---           ---     
n=05:                                7.0309e+04    +4.0547e+04   -1.2961e-04  |      ---           ---           ---     
n=06:                                1.6408e+07    +1.0728e+07   -6.0011e-04  |      ---           ---           ---     
