--- multipoles on reference trajectory (rz > 0) ---
effective_length:                   604.912304307929 mm
perpendicular_grid:                 65 points in [-12.000000,+12.000000] mm
max_fitting_error_normal            0.385/9128.982 G/G
max_fitting_error_skew              11.288/11.288 G/G
r0_for_relative_multipoles          17.5 mm
main_monomial                       n = 0, skew:False
                                       Nn(s=0)      Integ_Nn     Nn/N0(@r0)   |    Sn(s=0)      Integ_Sn     Sn/S0(@r0)  
<multipole_order n>                    [T/m^n]      [T.m/m^n]        []       |    [T/m^n]      [T.m/m^n]        []      
n=00:                                1.1080e+00    -6.7027e-01   +1.0000e+00  |      ---           ---           ---     
n=01:                                2.3891e+00    +1.2895e+00   -3.3667e-02  |      ---           ---           ---     
n=02:                                2.0540e+01    +1.4610e+01   -6.6753e-03  |      ---           ---           ---     
n=03:                                4.3271e+01    -2.2587e+01   +1.8060e-04  |      ---           ---           ---     
n=04:                                2.6971e+04    +3.7356e+03   -5.2271e-04  |      ---           ---           ---     
n=05:                                4.4875e+05    +1.2934e+05   -3.1672e-04  |      ---           ---           ---     
n=06:                                1.0507e+08    -9.5118e+06   +4.0761e-04  |      ---           ---           ---     
