--- multipoles on reference trajectory (rz > 0) ---
effective_length:                   607.2273344467299 mm
perpendicular_grid:                 65 points in [-12.000000,+12.000000] mm
max_fitting_error_normal            0.238/6908.766 G/G
max_fitting_error_skew              6.958/6.958 G/G
r0_for_relative_multipoles          17.5 mm
main_monomial                       n = 0, skew:False
                                       Nn(s=0)      Integ_Nn     Nn/N0(@r0)   |    Sn(s=0)      Integ_Sn     Sn/S0(@r0)  
<multipole_order n>                    [T/m^n]      [T.m/m^n]        []       |    [T/m^n]      [T.m/m^n]        []      
n=00:                                6.7623e-01    -4.1063e-01   +1.0000e+00  |      ---           ---           ---     
n=01:                                1.4375e+00    +7.8561e-01   -3.3481e-02  |      ---           ---           ---     
n=02:                                1.2693e+01    +8.5637e+00   -6.3869e-03  |      ---           ---           ---     
n=03:                                1.1876e+02    +1.0867e+01   -1.4183e-04  |      ---           ---           ---     
n=04:                                9.4513e+03    +3.7537e+03   -8.5735e-04  |      ---           ---           ---     
n=05:                                5.3409e+05    -5.4814e+04   +2.1910e-04  |      ---           ---           ---     
n=06:                                4.2068e+07    -1.2562e+07   +8.7867e-04  |      ---           ---           ---     
