--- multipoles on reference trajectory (rz > 0) ---
effective_length:                   608.2099104703871 mm
perpendicular_grid:                 65 points in [-12.000000,+12.000000] mm
max_fitting_error_normal            0.020/538.430 G/G
max_fitting_error_skew              0.520/0.520 G/G
r0_for_relative_multipoles          17.5 mm
main_monomial                       n = 0, skew:False
                                       Nn(s=0)      Integ_Nn     Nn/N0(@r0)   |    Sn(s=0)      Integ_Sn     Sn/S0(@r0)  
<multipole_order n>                    [T/m^n]      [T.m/m^n]        []       |    [T/m^n]      [T.m/m^n]        []      
n=00:                                5.3581e-02    -3.2589e-02   +1.0000e+00  |      ---           ---           ---     
n=01:                                1.1364e-01    +6.1982e-02   -3.3284e-02  |      ---           ---           ---     
n=02:                                1.0857e+00    +6.9580e-01   -6.5387e-03  |      ---           ---           ---     
n=03:                                3.0279e+00    +4.1824e-01   -6.8782e-05  |      ---           ---           ---     
n=04:                                7.1998e+02    -1.7178e+02   +4.9436e-04  |      ---           ---           ---     
n=05:                                4.0568e+04    +2.6143e+03   -1.3167e-04  |      ---           ---           ---     
n=06:                                2.5961e+06    +1.0090e+06   -8.8927e-04  |      ---           ---           ---     
