--- multipoles on reference trajectory (rz > 0) ---
effective_length:                   607.1412725387024 mm
perpendicular_grid:                 65 points in [-12.000000,+12.000000] mm
max_fitting_error_normal            0.293/7158.591 G/G
max_fitting_error_skew              7.430/7.430 G/G
r0_for_relative_multipoles          17.5 mm
main_monomial                       n = 0, skew:False
                                       Nn(s=0)      Integ_Nn     Nn/N0(@r0)   |    Sn(s=0)      Integ_Sn     Sn/S0(@r0)  
<multipole_order n>                    [T/m^n]      [T.m/m^n]        []       |    [T/m^n]      [T.m/m^n]        []      
n=00:                                7.1795e-01    -4.3590e-01   +1.0000e+00  |      ---           ---           ---     
n=01:                                1.5247e+00    +8.3405e-01   -3.3485e-02  |      ---           ---           ---     
n=02:                                1.2954e+01    +9.0149e+00   -6.3336e-03  |      ---           ---           ---     
n=03:                                7.1815e+01    -1.1486e+01   +1.4122e-04  |      ---           ---           ---     
n=04:                                1.2427e+04    +2.2996e+03   -4.9479e-04  |      ---           ---           ---     
n=05:                                1.9032e+05    +5.0649e+04   -1.9071e-04  |      ---           ---           ---     
n=06:                                5.0556e+07    -3.1307e+06   +2.0629e-04  |      ---           ---           ---     
