--- multipoles on reference trajectory (rz > 0) ---
effective_length:                   608.2569966789117 mm
perpendicular_grid:                 65 points in [-12.000000,+12.000000] mm
max_fitting_error_normal            0.067/1454.701 G/G
max_fitting_error_skew              2.635/2.635 G/G
r0_for_relative_multipoles          17.5 mm
main_monomial                       n = 0, skew:False
                                       Nn(s=0)      Integ_Nn     Nn/N0(@r0)   |    Sn(s=0)      Integ_Sn     Sn/S0(@r0)  
<multipole_order n>                    [T/m^n]      [T.m/m^n]        []       |    [T/m^n]      [T.m/m^n]        []      
n=00:                                1.7458e-01    -1.0619e-01   +1.0000e+00  |      ---           ---           ---     
n=01:                                3.6985e-01    +2.0230e-01   -3.3339e-02  |      ---           ---           ---     
n=02:                                3.4756e+00    +2.2646e+00   -6.5310e-03  |      ---           ---           ---     
n=03:                                1.1114e+01    +2.5648e+00   -1.2944e-04  |      ---           ---           ---     
n=04:                                2.3256e+03    -3.1792e+02   +2.8080e-04  |      ---           ---           ---     
n=05:                                7.5437e+03    -5.5739e+03   +8.6152e-05  |      ---           ---           ---     
n=06:                                1.2933e+07    +2.2916e+06   -6.1984e-04  |      ---           ---           ---     
