--- multipoles on reference trajectory (rz > 0) ---
effective_length:                   605.640700551806 mm
perpendicular_grid:                 65 points in [-12.000000,+12.000000] mm
max_fitting_error_normal            0.351/11048.116 G/G
max_fitting_error_skew              15.320/15.320 G/G
r0_for_relative_multipoles          17.5 mm
main_monomial                       n = 0, skew:False
                                       Nn(s=0)      Integ_Nn     Nn/N0(@r0)   |    Sn(s=0)      Integ_Sn     Sn/S0(@r0)  
<multipole_order n>                    [T/m^n]      [T.m/m^n]        []       |    [T/m^n]      [T.m/m^n]        []      
n=00:                                1.1080e+00    -6.7107e-01   +1.0000e+00  |      ---           ---           ---     
n=01:                                2.3891e+00    +1.2968e+00   -3.3818e-02  |      ---           ---           ---     
n=02:                                2.0540e+01    +1.5267e+01   -6.9673e-03  |      ---           ---           ---     
n=03:                                4.3271e+01    -5.1018e+01   +4.0745e-04  |      ---           ---           ---     
n=04:                                2.6971e+04    +4.8239e+03   -6.7419e-04  |      ---           ---           ---     
n=05:                                4.4875e+05    +1.4654e+05   -3.5840e-04  |      ---           ---           ---     
n=06:                                1.0507e+08    -1.7089e+07   +7.3143e-04  |      ---           ---           ---     
